    0     0     0     0     0     0     0     0     0     0     0     0     0     0     0     0 0 0 
    0     0     0     0   256     0     0     0     0     0     0     0     0     0     0     0 0 0 
    0     0     9     0   256     0     0     0     0     0     0     0     0     0     0     0 0 0 
    0     0     4     0   256     0     0     0     0     0     0     0     0     0     0     0 0 0 
    0     0     4     0   256     0     0     0     0     0     0     0     0     0     0     0 0 0 
    0     0     4     0   256     0     0     0     0     0     0     0     0     0     0     0 0 0 
    0     0     4     0   256     0     0     0     0     0     0     0     0     0     0     0 0 0 
    0     0     4     0   256     0     0     0     0     0     0     0     0     0     0     0 0 0 
    0     0     4     0   256     0     0     0     0     0     0     0     0     0     0     0 0 0 
    0     0     4     0   256     0     0     0     0     0     0     0     0     0     0     0 0 0 
    0     0     4     0   256     0     0     0     0     0     0     0     0     0     0     0 0 0 
    0     0     4     0   256     0     0     0     0     0     0     0     0     0     0     0 0 0 
    0     0     4     0   256     0     0     0    10     0     0     0     0     0     0     0 0 0 
    0     0     4     0   256     0     0     0    10     0     0     0     0     0     0     0 0 0 
    0     0     4     0   256     0     0     0    10     1     0     0     0     0     0     0 0 0 
    0     0     4     0   256     0     0     0    10     1     0     0     0     0     0     0 0 0 
    0     0     4     0   256     0     0     0    10     1     0     0     0     0     0     0 0 0 
    0     0     4     0   256     0     0     0    10     1     0     0     0     0     0     0 0 0 
    0     0     4     0   256     0     0     0    10     1     0     0     0     0     0     0 0 0 
    0     0     4     0   256     0     0     0    10     1     0     0     0     0     0     0 0 0 
    0     0     4     0   256     0     0     0    10     1     0     0     0     0     0     0 0 0 
    0     0     4     0   256     0     0     0    10     1     0     0     0     0     0     0 0 0 
    0     0     4     0   256     0     0     0    10     1     0     0     0     0     0     0 0 0 
    0     0     4     0   256     0     0     0    10     1     0     0     0     0     0     0 0 0 
    0     0     4     0   256     0     0     0    10     1     0     0     0     0     0     0 0 0 
    0     0     4     0   256     0     0     0     1     1     0     0     0     0     0     0 0 0 
    0     0     1     0   256     0     0     0     1     1     0     0     0     0     0     0 0 0 
    0     0     1     0   256     0     0     0     1     1     0     0     0     0     0     0 0 0 
    0     0     1     0   256     0     0     0     1     1     0     0     0     0     0     0 0 0 
    0     0     1     0   256     0     0     0     1     1     0     0     0     0     0     0 0 0 
    0     0     1     0   256     0     0     0     1     1     0     0     0     0     0     0 0 0 
    0     0     1     0   256     0     0     0     1     1     0     0     0     0     0     0 0 0 
    0     0     1     0   256     0     0     0     1     1     0     0     0     0     0     0 0 0 
    0     0     1     0   256     0     0     0     1     1     0     0     0     0     0     0 0 0 
    0     0     1     0   256     0     0     0     1     1     0     0     0     0     0     0 0 0 
    0     0     1     0   256     0     0     0     1     1     0     0     0     0     0     0 0 0 
    0     0     1     0     1     0     0     0     1     1     0     0     0     0     0     0 0 0 
    0     0     1     0     1     0     0     0     0     1     0     0     0     0     0     0 0 0 
    0     0     1     0     1     0     0     0     0     1     0     0     0     0     0     0 0 0 
    0     0     1     0     1     0     0     0     0     1     0     0     0     0     0     0 0 0 
    0     0     1     0     1     0     0     0     0     0     0     0     0     0     0     0 0 0 
    0     0     1     0     1     0     0     0     0     0     1     0     0     0     0     0 0 0 
    0     0     1     0     1     0     0     0     0     0     1     1     0     0     0     0 0 0 
    0     0     1     0     1     0     0     0     0     0     1     1     0    10     0     0 0 0 
    0     0     1     0     1     0     0     0     0     0     1     1     0    10     0     0 0 1 
    0     0     0     0     1     0     0     0     0     0     1     1     0    10     0     0 0 1 
    0     0     0     1     1     0     0     0     0     0     1     1     0    10     0     0 0 1 
    0     0     0     1     1     0     0     0     0     0     1     1     0    10     0     0 0 1 
    0     0     0     1     1     0     0     0     0     0     1     1     0    10     0     0 0 1 
    0     0     0     1     1     0     0     0     0     1     1     1     0    10     0     0 0 1 
    0     0     0     1     1     0     0     0     0     1     0     1     0    10     0     0 0 1 
    0     0     0     1     1     0     0     0     0     1     0     1     0    10     0     0 0 1 
    0     0     0     1     1     0     0     0     0     1     0     1     0    10     0     0 0 0 
    0     0     0     1     1     0     0     0     0     1     0     1     0    10     0     0 0 0 
    0     0     0     0     1     0     0     0     0     1     0     1     0    10     0     0 0 0 
    0     0     0     0     1     0     0     0     0     1     0     1     0    10     0     0 0 0 
    0     0     0     0     1     0     0     0     0     1     0     1     0    10     0     0 0 0 
    0     0     0     0     1     0     0     0     0     1     0     1     0    10     0     0 0 0 
    0     0     0     0     1     0     0     0     0     1     0     1     0    10     0     0 0 0 
    0     0     0     0     6     0     0     0     0     1     0     1     0    10     0     0 0 0 
    0     0     9     0     6     0     0     0     0     1     0     1     0    10     0     0 0 0 
    0     0   260     0     6     0     0     0     0     1     0     1     0    10     0     0 0 0 
    0     0   260     0     6     0     0     0     0     1     0     1     0    10     0     0 0 0 
    0     0   264     0     6     0     0     0     0     1     0     1     0    10     0     0 0 0 
    0     0   264     0     6     0     0     0     0   265     0     1     0    10     0     0 0 0 
    0     0   264     0     6     0     0     0     0   265     0     1     0    10     0     0 0 0 
    0     0   264     0     6     0     0     0     0   264     0     1     0    10     0     0 0 0 
    0     0   264     0     6     0     0     0     0   264     0     1     0    10     0     0 0 1 
    0     0   264     1     6     0     0     0     0   264     0     1     0    10     0     0 0 1 
    0     0   264    49     6     0     0     0     0   264     0     1     0    10     0     0 0 1 
    0     0   264    49     6     0     0     0     0   264     0     1     0    10     0     0 0 1 
    0     0   264    49     6     0     0     0     0   263     0     1     0    10     0     0 0 1 
    0     0   264    49     6     0     0     0     0   263     0     0     0    10     0     0 0 1 
    0     0   264    49     6     0     0     0     0   263     0     0     0    10     0     0 0 1 
    0     0   264    49     6     0     0     0     0   263     0     0     0    10     0     0 0 1 
    0     0   264    49     6     0     0     0     0   263     0     0     0    10     0     0 0 1 
    0     0   264    49     6     0     0     0     0   263     0     0     0    10     0     0 0 1 
    0     0   264    49     6     0     0     0   264   263     0     0     0    10     0     0 0 1 
    0     0     4    49     6     0     0     0   264   263     0     0     0    10     0     0 0 1 
    0     0     4    49   264     0     0     0   264   263     0     0     0    10     0     0 0 1 
    0     0     4    49   264     0     0     0   264   263     0     0     0    10     0     0 0 1 
    0     0     4    49   264     0     0     0     0   263     0     0     0    10     0     0 0 1 
    0     0     4    49   264     0     0     0     0   263     0     0     0    10     0     0 0 1 
    0     0     4    49     0     0     0     0     0   263     0     0     0    10     0     0 0 1 
    0     0     4    49     0     0     0     0     0   263     0     0     0    10     0     0 0 1 
    0     0     4    49     0     0     0     0 34986   263     0     0     0    10     0     0 0 1 
    0     0     4    49     0     0     0     0 34986   263     0     0     0    10     0     0 0 1 
    0     0     4    49     0     0     0     0 34986  3087     0     0     0    10     0     0 0 1 
    0     0     4    49     0     0     0     0 34986  3087     0     0     0    10     0     0 0 1 
    0     0     4    49     0     0     0     0 34986  3087     0     0     0    10     0     0 0 1 
    0     0     4    49     0     0     0     0 34986  3087     0     0     0    10     0     0 0 1 
    0     0     4    49     0     0     0     0 34986  3087     0     0     0    10     0     0 0 1 
    0     0     4    49     0     0     0     0 34986  3087     0     0     0    10     0     0 0 1 
    0     0     4    49     0     0     0     0 34986  3087     0     0     0    10     0     0 0 1 
    0     0     4    49     0     0     0     0 34986  3087     0     0     0    10     0     0 0 1 
    0     0     4    49     0     0     0     0 34986  3087     0     0     0    10     0     0 0 1 
    0     0     4    49     0     0     0     0 34986  3087  1029     0     0    10     0     0 0 1 
    0     0     4    49     0     0     0     0 34986  3087  1029     0     0    10     0     0 0 1 
    0     0     4    49     0     0     0     0 34986  3087  1029     0     0    10     0     0 0 1 
    0     0     4    49     0     0     0     0 34986  3087  1029     0     0    10     0     0 0 1 
    0     0     4    49     0     0     0     0 34986  3087  1029     0     0    10     0     0 0 1 
    0     0     4    49     0     0     0     0 34986  3087  1029     0     0    10     0     0 0 1 
    0     0     4    49     0     0     0     0 34986  3087  1029     0     0    10     0     0 0 1 
    0     0     4    49     0     0     0     0 34986  3087  1029     0     0    10     0     0 0 1 
    0     0     4    49     0     0     0     0 34986  3087  1029     0     0    10     0     0 0 1 
    0     0     4    49     0     0     0     0 34986  3087  1029     0     0    10     0     0 0 1 
    0     0     4    49     0     0     0     0 34986  3087  1029     0     0    10     0     0 0 1 
    0     0     4    49     0     0     0     0 34986  3087  1029     0     0    10     0     0 0 1 
    0     0     4    49     0     0     0     0  3087  3087  1029     0     0    10     0     0 0 1 
    0     0     4    49     0     0     0     0  3087  1029  1029     0     0    10     0     0 0 1 
    0     0     4    49     0     0     0     0  3087  1029     0     0     0    10     0     0 0 1 
    0     0     4    49     0     0     0     0  3087  1029     0     0     0    10     0     0 0 1 
    0     0     4    49     0     0     0     0  1029  1029     0     0     0    10     0     0 0 1 
    0     0  1029    49     0     0     0     0  1029  1029     0     0     0    10     0     0 0 1 
    0     0  1029    49     0     0     0     0  1029  1029     0     0     0    10     0     0 0 1 
    0     0  1029    49     0     0     0     0  1029  1029     0     0     0    10     0     0 0 1 
    0     0  1029    49     0     0     0     0  1029  1029     0     0     0    10     0     0 0 1 
    0     0  1029    49     0     0     0     0  1029  1029     0     0     0    10     0     0 0 1 
    0     0  1029    49     0     0     0     0  1029  1029     0     0     0    10     0     0 0 1 
    0     0  1029    49     0     0     0     0  1029  1029     0     0     0    10     0     0 0 1 
    0     0  1029    49     0     0     0     0  1029  1029     0     0     0    10     0     0 0 1 
    0     0  1029    49     0     0     0     0  1029  1029     0     0     0    10     0     0 0 1 
    0     0  1029    49     0     0     0     0  1029  1029     0     0     0    10     0     0 0 1 
    0     0  1029    49     0     0     0     0  1029  1029     0     0     0    10     0     0 0 1 
    0     0  1029    49     0     0     0     0  1029  1029     0     0     0    10     0     0 0 1 
    0     0  1029    49     0     0     0     0  1029  1029     0     0     0    10     0     0 0 1 
    0     0  1029    49     0     0     0     0  1029  1029     0     0     0    10     0     0 0 1 
    0     0  1029    49     0     0     0     0  1029  1029     0     0     0    10     0     0 0 1 
    0     0  1029    49     0     0     0     0  1029  1029     0     0     0    10     0     0 0 1 
    0     0  1029    49     0     0     0     0  1029  1029     0     0     0    10     0     0 0 1 
    0     0  1029    49     0     0     0     0  1029  1029     0     0     0    10     0     0 0 1 
    0     0  1029    49  1029     0     0     0  1029  1029     0     0     0    10     0     0 0 1 
    0     0  1029    49  1029     0     0     0     0  1029     0     0     0    10     0     0 0 1 
    0     0  1029    49  1029     0     0     0     0  1029     0     0     0    10     0     0 0 1 
    0     0  1029    49  1029     0     0     0     0  1029     0     0     0    10     0     0 0 1 
    0     0  1029    49  1029     0     0     0     0     0     0     0     0    10     0     0 0 1 
    0     0  1029    49  1029     0     0     0     0     0  1029     0     0    10     0     0 0 1 
    0     0  1029    49  1029     0     0     0     0     0  1029  1029     0    10     0     0 0 1 
    0     0  1029    49  1029     0     0     0     0     0  1029  1029     0    10     0     0 0 1 
    0     0  1029    49  1029     0     0     0     0     0  1029  1029     0    10     0     0 102 9 
    0     0   102    49  1029     0     0     0     0     0  1029  1029     0    10     0     0 102 9 
    0     0   102     9  1029     0     0     0     0     0  1029  1029     0    10     0     0 102 9 
    0     0   102     9  1029     0     0     0     0     0  1029  1029     0    10     0     0 102 9 
    0     0   102     9  1029     0     0     0     0     1  1029  1029     0    10     0     0 102 9 
    0     0   102     9  1029     0     0     0     0     1   102  1029     0    10     0     0 102 9 
    0     0   102     9  1029     0     0     0     0     1   102  1029     0    10     0     0 102 9 
    0     0   102     9  1029     0     0     0     0     1   102  1029     0    10     0     0 10 2 
    0     0    10     9  1029     0     0     0     0     1   102  1029     0    10     0     0 10 2 
    0     0    10     2  1029     0     0     0     0     1   102  1029     0    10     0     0 10 2 
    0     0    10     2  1029     0     0     0     0     1   102  1029     0    10     0     0 10 2 
    0     0    10     2  1029     0     0     0     0     2   102  1029     0    10     0     0 10 2 
    0     0    10     2  1029     0     0     0     0     2    10  1029     0    10     0     0 10 2 
    0     0    10     2  1029     0     0     0     0     2    10  1029     0    10     0     0 10 2 
    0     0    10     2  1029     0     0     0     0     2    10  1029     0    10     0     0 1 0 
    0     0     1     2  1029     0     0     0     0     2    10  1029     0    10     0     0 1 0 
    0     0     1     0  1029     0     0     0     0     2    10  1029     0    10     0     0 1 0 
    0     0     1     0  1029     0     0     0     0     2    10  1029     0    10     0     0 1 0 
    0     0     1     0  1029     0     0     0     0     3    10  1029     0    10     0     0 1 0 
    0     0     1     0  1029     0     0     0     0     3     1  1029     0    10     0     0 1 0 
    0     0     1     0  1029     0     0     0     0     3     1  1029     0    10     0     0 1 0 
    0     0     1     0  1029     0     0     0     0     3     1  1029     0    10     0     0 0 1 
    0     0     0     0  1029     0     0     0     0     3     1  1029     0    10     0     0 0 1 
    0     0     0     1  1029     0     0     0     0     3     1  1029     0    10     0     0 0 1 
    0     0     0     1  1029     0     0     0     0     3     1  1029     0    10     0     0 0 1 
    0     0     0     1  1029     0     0     0     0     3     1  1029     0    10     0     0 0 1 
    0     0     0     1  1029     0     0     0     0     4     1  1029     0    10     0     0 0 1 
    0     0     0     1  1029     0     0     0     0     4     0  1029     0    10     0     0 0 1 
    0     0     0     1  1029     0     0     0     0     4     0  1029     0    10     0     0 0 1 
    0     0     0     1  1029     0     0     0     0     4     0  1029     0    10     0     0 0 0 
    0     0     0     1  1029     0     0     0     0     4     0  1029     0    10     0     0 0 0 
    0     0     0     0  1029     0     0     0     0     4     0  1029     0    10     0     0 0 0 
    0     0     0     0  1029     0     0     0     0     4     0  1029     0    10     0     0 0 0 
    0     0     0     0  1029     0     0     0     0     4     0  1029     0    10     0     0 0 0 
    0     0     0     0  1029     0     0     0     0     4     0  1029     0    10     0     0 0 0 
    0     0     0     0  1029     0     0     0     0     4     0  1029     0    10     0     0 0 0 
    0     0     0     0     9     0     0     0     0     4     0  1029     0    10     0     0 0 0 
    0     0     9     0     9     0     0     0     0     4     0  1029     0    10     0     0 0 0 
    0     0   266     0     9     0     0     0     0     4     0  1029     0    10     0     0 0 0 
    0     0   266     0     9     0     0     0     0     4     0  1029     0    10     0     0 0 0 
    0     0   270     0     9     0     0     0     0     4     0  1029     0    10     0     0 0 0 
    0     0   270     0     9     0     0     0     0   274     0  1029     0    10     0     0 0 0 
    0     0   270     0     9     0     0     0     0   274     0  1029     0    10     0     0 0 0 
    0     0   270     0     9     0     0     0     0   273     0  1029     0    10     0     0 0 0 
    0     0   270     0     9     0     0     0     0   273     0  1029     0    10     0     0 102 9 
    0     0   270     9     9     0     0     0     0   273     0  1029     0    10     0     0 102 9 
    0     0   270    57     9     0     0     0     0   273     0  1029     0    10     0     0 102 9 
    0     0   270    57     9     0     0     0     0   273     0  1029     0    10     0     0 102 9 
    0     0   270    57     9     0     0     0     0   272     0  1029     0    10     0     0 102 9 
    0     0   270    57     9     0     0     0     0   272     0   102     0    10     0     0 102 9 
    0     0   270    57     9     0     0     0     0   272     0   102     0    10     0     0 102 9 
    0     0   270    57     9     0     0     0     0   272     0   102     0    10     0     0 10 2 
    0     0   270     2     9     0     0     0     0   272     0   102     0    10     0     0 10 2 
    0     0   270    50     9     0     0     0     0   272     0   102     0    10     0     0 10 2 
    0     0   270    50     9     0     0     0     0   272     0   102     0    10     0     0 10 2 
    0     0   270    50     9     0     0     0     0   271     0   102     0    10     0     0 10 2 
    0     0   270    50     9     0     0     0     0   271     0    10     0    10     0     0 10 2 
    0     0   270    50     9     0     0     0     0   271     0    10     0    10     0     0 10 2 
    0     0   270    50     9     0     0     0     0   271     0    10     0    10     0     0 1 0 
    0     0   270     0     9     0     0     0     0   271     0    10     0    10     0     0 1 0 
    0     0   270    48     9     0     0     0     0   271     0    10     0    10     0     0 1 0 
    0     0   270    48     9     0     0     0     0   271     0    10     0    10     0     0 1 0 
    0     0   270    48     9     0     0     0     0   270     0    10     0    10     0     0 1 0 
    0     0   270    48     9     0     0     0     0   270     0     1     0    10     0     0 1 0 
    0     0   270    48     9     0     0     0     0   270     0     1     0    10     0     0 1 0 
    0     0   270    48     9     0     0     0     0   270     0     1     0    10     0     0 0 1 
    0     0   270     1     9     0     0     0     0   270     0     1     0    10     0     0 0 1 
    0     0   270    49     9     0     0     0     0   270     0     1     0    10     0     0 0 1 
    0     0   270    49     9     0     0     0     0   270     0     1     0    10     0     0 0 1 
    0     0   270    49     9     0     0     0     0   269     0     1     0    10     0     0 0 1 
    0     0   270    49     9     0     0     0     0   269     0     0     0    10     0     0 0 1 
    0     0   270    49     9     0     0     0     0   269     0     0     0    10     0     0 0 1 
    0     0   270    49     9     0     0     0     0   269     0     0     0    10     0     0 0 1 
    0     0   270    49     9     0     0     0     0   269     0     0     0    10     0     0 0 1 
    0     0   270    49     9     0     0     0     0   269     0     0     0    10     0     0 0 1 
    0     0   270    49     9     0     0     0   270   269     0     0     0    10     0     0 0 1 
    0     0     4    49     9     0     0     0   270   269     0     0     0    10     0     0 0 1 
    0     0     4    49   270     0     0     0   270   269     0     0     0    10     0     0 0 1 
    0     0     4    49   270     0     0     0   270   269     0     0     0    10     0     0 0 1 
    0     0     4    49   270     0     0     0     0   269     0     0     0    10     0     0 0 1 
    0     0     4    49   270     0     0     0     0   269     0     0     0    10     0     0 0 1 
    0     0     4    49     0     0     0     0     0   269     0     0     0    10     0     0 0 1 
    0     0     4    49     0     0     0     0     0   269     0     0     0    10     0     0 0 1 
    0     0     4    49     0     0     0     0  2907   269     0     0     0    10     0     0 0 1 
    0     0     4    49     0     0     0     0  2907   269     0     0     0    10     0     0 0 1 
    0     0     4    49     0     0     0     0  2907  1539     0     0     0    10     0     0 0 1 
    0     0     4    49     0     0     0     0  2907  1539     0     0     0    10     0     0 0 1 
    0     0     4    49     0     0     0     0  2907  1539     0     0     0    10     0     0 0 1 
    0     0     4    49     0     0     0     0  2907  1539     0     0     0    10     0     0 0 1 
    0     0     4    49     0     0     0     0  2907  1539     0     0     0    10     0     0 0 1 
    0     0     4    49     0     0     0     0  2907  1539     0     0     0    10     0     0 0 1 
    0     0     4    49     0     0     0     0  2907  1539     0     0     0    10     0     0 0 1 
    0     0     4    49     0     0     0     0  2907  1539     0     0     0    10     0     0 0 1 
    0     0     4    49     0     0     0     0  2907  1539     0     0     0    10     0     0 0 1 
    0     0     4    49     0     0     0     0  2907  1539  1368     0     0    10     0     0 0 1 
    0     0     4    49     0     0     0     0  2907  1539  1368     0     0    10     0     0 0 1 
    0     0     4    49     0     0     0     0  2907  1539  1368     0     0    10     0     0 0 1 
    0     0     4    49     0     0     0     0  2907  1539  1368     0     0    10     0     0 0 1 
    0     0     4    49     0     0     0     0  2907  1539  1368     0     0    10     0     0 0 1 
    0     0     4    49     0     0     0     0  2907  1539  1368     0     0    10     0     0 0 1 
    0     0     4    49     0     0     0     0  2907  1539  1368     0     0    10     0     0 0 1 
    0     0     4    49     0     0     0     0  2907  1539  1368     0     0    10     0     0 0 1 
    0     0     4    49     0     0     0     0  2907  1539  1368     0     0    10     0     0 0 1 
    0     0     4    49     0     0     0     0  2907  1539  1368     0     0    10     0     0 0 1 
    0     0     4    49     0     0     0     0  2907  1539  1368     0     0    10     0     0 0 1 
    0     0     4    49     0     0     0     0  2907  1539  1368     0     0    10     0     0 0 1 
    0     0     4    49     0     0     0     0  1539  1539  1368     0     0    10     0     0 0 1 
    0     0     4    49     0     0     0     0  1539  1368  1368     0     0    10     0     0 0 1 
    0     0     4    49     0     0     0     0  1539  1368   171     0     0    10     0     0 0 1 
    0     0     4    49     0     0     0     0  1539  1368   171     0     0    10     0     0 0 1 
    0     0     4    49     0     0     0     0  1539  1368   171     0     0    10     0     0 0 1 
    0     0     4    49     0     0     0     0  1539  1368   171     0     0    10     0     0 0 1 
    0     0     4    49     0     0     0     0  1539  1368   171     0     0    10     0     0 0 1 
    0     0     4    49     0     0     0     0  1539  1368   171     0     0    10     0     0 0 1 
    0     0     4    49     0     0     0     0  1539  1368   171     0     0    10     0     0 0 1 
    0     0     4    49     0     0     0     0  1539  1368   171     0     0    10     0     0 0 1 
    0     0     4    49     0     0     0     0  1539  1368   171     0     0    10     0     0 0 1 
    0     0     4    49     0     0     0     0  1539  1368   171     0     0    10     0     0 0 1 
    0     0     4    49     0     0     0     0  1539  1368   171     0     0    10     0     0 0 1 
    0     0     4    49     0     0     0     0  1539  1368   171     0     0    10     0     0 0 1 
    0     0     4    49     0     0     0     0  1368  1368   171     0     0    10     0     0 0 1 
    0     0     4    49     0     0     0     0  1368   171   171     0     0    10     0     0 0 1 
    0     0     4    49     0     0     0     0  1368   171     0     0     0    10     0     0 0 1 
    0     0     4    49     0     0     0     0  1368   171     0     0     0    10     0     0 0 1 
    0     0     4    49     0     0     0     0   171   171     0     0     0    10     0     0 0 1 
    0     0   171    49     0     0     0     0   171   171     0     0     0    10     0     0 0 1 
    0     0   171    49     0     0     0     0   171   171     0     0     0    10     0     0 0 1 
    0     0   171    49     0     0     0     0   171   171     0     0     0    10     0     0 0 1 
    0     0   171    49     0     0     0     0   171   171     0     0     0    10     0     0 0 1 
    0     0   171    49     0     0     0     0   171   171     0     0     0    10     0     0 0 1 
    0     0   171    49     0     0     0     0   171   171     0     0     0    10     0     0 0 1 
    0     0   171    49     0     0     0     0   171   171     0     0     0    10     0     0 0 1 
    0     0   171    49     0     0     0     0   171   171     0     0     0    10     0     0 0 1 
    0     0   171    49     0     0     0     0   171   171     0     0     0    10     0     0 0 1 
    0     0   171    49     0     0     0     0   171   171     0     0     0    10     0     0 0 1 
    0     0   171    49     0     0     0     0   171   171     0     0     0    10     0     0 0 1 
    0     0   171    49     0     0     0     0   171   171     0     0     0    10     0     0 0 1 
    0     0   171    49     0     0     0     0   171   171     0     0     0    10     0     0 0 1 
    0     0   171    49     0     0     0     0   171   171     0     0     0    10     0     0 0 1 
    0     0   171    49     0     0     0     0   171   171     0     0     0    10     0     0 0 1 
    0     0   171    49     0     0     0     0   171   171     0     0     0    10     0     0 0 1 
    0     0   171    49     0     0     0     0   171   171     0     0     0    10     0     0 0 1 
    0     0   171    49     0     0     0     0   171   171     0     0     0    10     0     0 0 1 
    0     0   171    49     0     0     0     0   171   171     0     0     0    10     0     0 0 1 
    0     0   171    49     0     0     0     0   171   171     0     0     0    10     0     0 0 1 
    0     0   171    49     0     0     0     0   171   171     0     0     0    10     0     0 0 1 
    0     0   171    49     0     0     0     0   171   171     0     0     0    10     0     0 0 1 
    0     0   171    49     0     0     0     0   171   171     0     0     0    10     0     0 0 1 
    0     0   171    49     0     0     0     0   171   171     0     0     0    10     0     0 0 1 
    0     0   171    49     0     0     0     0   171   171     0     0     0    10     0     0 0 1 
    0     0   171    49     0     0     0     0   171   171     0     0     0    10     0     0 0 1 
    0     0   171    49   171     0     0     0   171   171     0     0     0    10     0     0 0 1 
    0     0   171    49   171     0     0     0     0   171     0     0     0    10     0     0 0 1 
    0     0   171    49   171     0     0     0     0   171     0     0     0    10     0     0 0 1 
    0     0   171    49   171     0     0     0     0   171     0     0     0    10     0     0 0 1 
    0     0   171    49   171     0     0     0     0     0     0     0     0    10     0     0 0 1 
    0     0   171    49   171     0     0     0     0     0   171     0     0    10     0     0 0 1 
    0     0   171    49   171     0     0     0     0     0   171   171     0    10     0     0 0 1 
    0     0   171    49   171     0     0     0     0     0   171   171     0    10     0     0 0 1 
    0     0   171    49   171     0     0     0     0     0   171   171     0    10     0     0 17 1 
    0     0    17    49   171     0     0     0     0     0   171   171     0    10     0     0 17 1 
    0     0    17     1   171     0     0     0     0     0   171   171     0    10     0     0 17 1 
    0     0    17     1   171     0     0     0     0     0   171   171     0    10     0     0 17 1 
    0     0    17     1   171     0     0     0     0     1   171   171     0    10     0     0 17 1 
    0     0    17     1   171     0     0     0     0     1    17   171     0    10     0     0 17 1 
    0     0    17     1   171     0     0     0     0     1    17   171     0    10     0     0 17 1 
    0     0    17     1   171     0     0     0     0     1    17   171     0    10     0     0 1 7 
    0     0     1     1   171     0     0     0     0     1    17   171     0    10     0     0 1 7 
    0     0     1     7   171     0     0     0     0     1    17   171     0    10     0     0 1 7 
    0     0     1     7   171     0     0     0     0     1    17   171     0    10     0     0 1 7 
    0     0     1     7   171     0     0     0     0     2    17   171     0    10     0     0 1 7 
    0     0     1     7   171     0     0     0     0     2     1   171     0    10     0     0 1 7 
    0     0     1     7   171     0     0     0     0     2     1   171     0    10     0     0 1 7 
    0     0     1     7   171     0     0     0     0     2     1   171     0    10     0     0 0 1 
    0     0     0     7   171     0     0     0     0     2     1   171     0    10     0     0 0 1 
    0     0     0     1   171     0     0     0     0     2     1   171     0    10     0     0 0 1 
    0     0     0     1   171     0     0     0     0     2     1   171     0    10     0     0 0 1 
    0     0     0     1   171     0     0     0     0     2     1   171     0    10     0     0 0 1 
    0     0     0     1   171     0     0     0     0     3     1   171     0    10     0     0 0 1 
    0     0     0     1   171     0     0     0     0     3     0   171     0    10     0     0 0 1 
    0     0     0     1   171     0     0     0     0     3     0   171     0    10     0     0 0 1 
    0     0     0     1   171     0     0     0     0     3     0   171     0    10     0     0 0 0 
    0     0     0     1   171     0     0     0     0     3     0   171     0    10     0     0 0 0 
    0     0     0     0   171     0     0     0     0     3     0   171     0    10     0     0 0 0 
    0     0     0     0   171     0     0     0     0     3     0   171     0    10     0     0 0 0 
    0     0     0     0   171     0     0     0     0     3     0   171     0    10     0     0 0 0 
    0     0     0     0   171     0     0     0     0     3     0   171     0    10     0     0 0 0 
    0     0     0     0   171     0     0     0     0     3     0   171     0    10     0     0 0 0 
    0     0     0     0     8     0     0     0     0     3     0   171     0    10     0     0 0 0 
    0     0     9     0     8     0     0     0     0     3     0   171     0    10     0     0 0 0 
    0     0   275     0     8     0     0     0     0     3     0   171     0    10     0     0 0 0 
    0     0   275     0     8     0     0     0     0     3     0   171     0    10     0     0 0 0 
    0     0   279     0     8     0     0     0     0     3     0   171     0    10     0     0 0 0 
    0     0   279     0     8     0     0     0     0   282     0   171     0    10     0     0 0 0 
    0     0   279     0     8     0     0     0     0   282     0   171     0    10     0     0 0 0 
    0     0   279     0     8     0     0     0     0   281     0   171     0    10     0     0 0 0 
    0     0   279     0     8     0     0     0     0   281     0   171     0    10     0     0 17 1 
    0     0   279     1     8     0     0     0     0   281     0   171     0    10     0     0 17 1 
    0     0   279    49     8     0     0     0     0   281     0   171     0    10     0     0 17 1 
    0     0   279    49     8     0     0     0     0   281     0   171     0    10     0     0 17 1 
    0     0   279    49     8     0     0     0     0   280     0   171     0    10     0     0 17 1 
    0     0   279    49     8     0     0     0     0   280     0    17     0    10     0     0 17 1 
    0     0   279    49     8     0     0     0     0   280     0    17     0    10     0     0 17 1 
    0     0   279    49     8     0     0     0     0   280     0    17     0    10     0     0 1 7 
    0     0   279     7     8     0     0     0     0   280     0    17     0    10     0     0 1 7 
    0     0   279    55     8     0     0     0     0   280     0    17     0    10     0     0 1 7 
    0     0   279    55     8     0     0     0     0   280     0    17     0    10     0     0 1 7 
    0     0   279    55     8     0     0     0     0   279     0    17     0    10     0     0 1 7 
    0     0   279    55     8     0     0     0     0   279     0     1     0    10     0     0 1 7 
    0     0   279    55     8     0     0     0     0   279     0     1     0    10     0     0 1 7 
    0     0   279    55     8     0     0     0     0   279     0     1     0    10     0     0 0 1 
    0     0   279     1     8     0     0     0     0   279     0     1     0    10     0     0 0 1 
    0     0   279    49     8     0     0     0     0   279     0     1     0    10     0     0 0 1 
    0     0   279    49     8     0     0     0     0   279     0     1     0    10     0     0 0 1 
    0     0   279    49     8     0     0     0     0   278     0     1     0    10     0     0 0 1 
    0     0   279    49     8     0     0     0     0   278     0     0     0    10     0     0 0 1 
    0     0   279    49     8     0     0     0     0   278     0     0     0    10     0     0 0 1 
    0     0   279    49     8     0     0     0     0   278     0     0     0    10     0     0 0 1 
    0     0   279    49     8     0     0     0     0   278     0     0     0    10     0     0 0 1 
    0     0   279    49     8     0     0     0     0   278     0     0     0    10     0     0 0 1 
    0     0   279    49     8     0     0     0   279   278     0     0     0    10     0     0 0 1 
    0     0     4    49     8     0     0     0   279   278     0     0     0    10     0     0 0 1 
    0     0     4    49   279     0     0     0   279   278     0     0     0    10     0     0 0 1 
    0     0     4    49   279     0     0     0   279   278     0     0     0    10     0     0 0 1 
    0     0     4    49   279     0     0     0     0   278     0     0     0    10     0     0 0 1 
    0     0     4    49   279     0     0     0     0   278     0     0     0    10     0     0 0 1 
    0     0     4    49     0     0     0     0     0   278     0     0     0    10     0     0 0 1 
    0     0     4    49     0     0     0     0     0   278     0     0     0    10     0     0 0 1 
    0     0     0    49     0     0     0     0     0   278     0     0     0    10     0     0 0 1 
    0     0     0    49     0     0     0     0     0   278     0     0     0    10     0     0 0 1 
    0     0     0    49     0     0     0     0     0   278     0     0     0    10     0     0 0 1 
    0     0     0    49     0     0     0     0     0   278     0     0     0    10     0     0 0 1 
    0     0     0    49     0     0     0     0     0   278     0     0     0    10     0     0 0 1 
    0     0     0    49     0     0     0     0     0   278     0     0     0    10     0     0 0 1 
    0     0     0    49     0     0     0     0     0   278     0     0     0    10     0     0 0 1 
    0     0    17    49     0     0     0     0     0   278     0     0     0    10     0     0 0 1 
